5000
3040
3170
9025
1449
198
8154
8768
7787
629
2110
7920
5238
6095
2276
4289
8582
8526
155
6583
365
1097
5691
3927
2595
495
9162
9535
8250
1299
3739
8191
3039
5572
8225
9720
7084
5511
6946
159
7883
4563
4390
109
4965
4009
4799
3030
6985
9118
370
9044
5128
1399
2659
1184
7900
7408
1151
3773
5049
6137
7555
2865
4556
4957
8778
336
5440
9664
8163
8647
2127
8036
5121
5617
7077
3768
427
521
2609
5214
1812
8461
5653
5655
4902
8796
9036
4190
6615
8092
9499
5389
7342
106
4640
752
79
5087
5399
1828
8401
4619
4460
4491
9360
384
2666
2080
2446
3870
1314
8145
6725
7814
9975
3710
1032
7790
6230
796
2791
832
3348
4389
3105
2255
6607
8432
68
1047
6390
7273
6272
3039
6164
5789
4825
2798
3784
6821
7899
3223
432
1468
3496
6963
7684
510
2733
1146
5455
4623
6707
5325
5943
5509
2433
2722
2350
2195
8094
9933
3265
3138
8116
4152
7310
142
2336
5023
274
1835
3142
9738
2704
3667
3954
5144
3790
573
745
580
5801
9626
7406
7879
9545
7647
7632
5722
9120
4842
832
9541
9211
4404
9585
2681
4571
8882
680
7623
2669
1095
4243
9195
4197
4393
1606
392
6010
8270
3040
2481
6170
6259
6332
9026
8910
584
7683
2681
9321
364
9119
2083
2858
1185
5867
1431
353
3196
678
6601
7565
2283
6070
1885
1427
1475
6169
425
924
3877
3366
2117
3910
6748
5810
3505
5210
485
8031
2195
5005
9003
3871
299
704
815
6838
8789
178
641
829
3611
9190
4333
1763
2740
5983
3220
4446
445
8007
854
3055
4291
1007
9305
2980
4458
4225
3097
3430
2892
5377
7724
3731
2353
9154
5712
4502
8056
2069
676
4994
8576
6028
6144
9006
6917
3884
4193
8442
9578
4305
7941
2255
2271
4939
9439
7365
815
4278
2568
8510
3609
7112
9523
8159
857
4580
5226
2655
5011
9851
922
5304
4667
3634
3848
8571
5491
6094
1822
8880
3410
748
6134
9835
5869
6125
8434
8361
2549
4799
3494
2458
8238
391
1779
9673
6087
5817
5024
598
3786
8458
9607
6036
7457
877
1961
8718
8499
3642
2831
5141
2458
9933
5070
949
6034
2874
9878
3653
8305
6510
3991
9533
5181
5168
8049
6802
5214
1863
454
13
6514
4789
6158
4730
9126
353
8615
9979
4440
8610
4023
2364
1206
1895
640
1394
6706
8340
526
4845
7109
6711
3760
1821
9596
8441
1600
8096
196
240
5697
489
6558
1632
5156
2381
1438
9521
3607
5926
4422
7852
9371
5786
4010
6880
5664
5158
3184
5793
1103
3076
1654
5376
7891
6044
2127
7285
6853
7783
7211
2329
6755
2670
1058
800
5725
2641
3773
7091
3355
2436
8178
6092
8750
3315
8874
4218
8018
3222
592
6021
8732
5503
9304
4443
3654
8160
4073
185
2692
4234
6521
3957
4962
6401
1651
2840
5228
4683
8983
4457
7865
2935
7423
116
6501
2506
794
1850
1130
3796
2375
4802
4714
2705
9135
6989
9500
1884
4462
9543
8144
4686
7520
4842
545
3924
9909
4204
6518
8718
7952
8872
4340
9444
8514
4122
3524
7667
5677
5604
1804
7461
3480
2526
3933
8719
2238
9722
9753
4996
6259
7077
9935
1814
2453
8570
4948
7004
6362
4641
5023
5184
5628
1668
9408
4063
7726
6961
3790
5827
5721
2764
5821
2798
9927
8460
2313
9292
8875
2518
577
7003
4603
3911
7938
2919
8844
7914
6863
2750
9785
9337
7498
9282
9407
7264
1522
973
3127
9726
4265
6478
3472
1749
1936
8673
3065
4336
9681
6413
2665
8580
6217
9863
5819
1919
6032
2852
713
4334
7830
780
6403
5754
2508
1898
748
4530
9260
7808
146
7940
2070
1255
1000
2436
2585
6212
2097
5423
2314
1062
1499
1642
3811
9243
2230
2355
9083
7666
5680
5513
2622
732
3838
4392
7033
8700
4681
3388
756
1197
1714
1383
1420
6195
5987
8941
5820
5657
7524
6316
5479
2234
87
4730
5653
5195
7744
3958
6280
9301
1796
5200
6361
288
1453
8709
2100
5483
1592
8499
8893
8153
7644
6635
2253
6885
7398
7636
2061
7254
9333
1515
381
541
6511
1384
1906
2427
9118
5645
6010
8288
5803
7560
1837
8142
6245
9927
1026
6300
2318
4411
8698
6086
2227
6436
3357
5250
9013
3980
3024
8093
5161
7073
7200
788
4888
8442
5358
5519
2707
9498
2486
5607
7336
9234
5437
7352
7033
9217
4662
9714
3759
4135
5922
7738
8363
9879
5186
2749
7124
9995
9114
6628
1314
6081
899
3714
6758
3154
6509
9963
2180
7523
1344
5391
6446
389
2461
1876
5950
4648
9382
1362
7791
5676
2262
5671
8025
5767
8094
1691
7863
1491
8989
6669
2135
2527
7595
9420
8317
2693
1763
5571
2788
5996
5915
1244
1666
4532
5393
6325
5527
8350
2067
175
9762
1854
3675
4515
1952
9641
2294
4719
1394
3240
3007
942
6554
3583
4636
902
5697
1639
4532
3819
3768
7095
4364
705
8553
9890
4381
7822
377
2089
9604
7262
284
9969
5334
4400
6757
7487
9325
7006
329
6608
6131
7770
8527
2966
5834
4675
1494
4684
4037
6615
3650
2730
2087
2386
4309
1460
8918
9333
9878
9277
9963
1154
2145
9353
9657
4980
3835
5007
9960
9323
9600
526
2957
965
3850
7191
8392
6920
1920
8135
6201
891
2889
8472
2143
7733
5595
2846
783
6973
53
2812
6845
8416
4037
2281
58
4289
2982
4381
9035
5579
7722
4117
6673
7314
6128
5734
2538
4136
866
2046
4820
2731
3854
7670
137
5323
8767
7699
5355
5962
1847
8428
510
2508
6699
1014
8700
6301
9707
4955
7529
6770
7757
9834
3780
1863
5604
6791
8134
2840
5410
4915
8602
155
39
7686
2537
7098
6949
4729
7024
5151
6850
8320
7569
3417
6009
5492
5379
6155
765
5775
3591
6690
9659
8368
7336
2679
9851
8703
9390
7419
7282
2539
5647
1663
9800
3486
2146
2662
9537
5010
7554
3842
1178
412
3323
2843
113
3511
3252
8542
3521
8508
3384
7586
5033
1245
5971
582
4616
2513
4934
7030
9432
1321
4744
6268
4836
8753
6201
9970
5830
979
2067
4470
7730
5077
9535
2855
2697
610
9201
2828
5290
2214
7234
9444
7867
7891
8584
9304
4640
9249
9508
6188
4086
4787
7751
5636
3215
8132
6081
451
4618
4207
2584
2047
9326
7486
34
6449
5827
2443
8352
1448
1917
274
2071
6525
2133
5111
8587
608
6518
3748
6410
626
7665
6315
2450
9484
782
7818
6000
3341
3552
5676
8230
6769
7507
251
4584
9820
3268
6036
2404
8566
4573
7395
3643
6592
907
4429
9248
788
3294
1437
764
9675
8957
9798
6476
4969
4276
6327
8840
1618
6107
3884
9472
2560
9508
9809
2468
8300
5392
7057
8337
250
6734
4189
7731
7377
6001
1145
3036
1175
2989
8960
6239
7564
3326
5447
2537
1085
2021
6447
1789
3513
2928
9236
9850
5952
8069
7555
5036
8598
9963
6920
3771
8551
197
6421
6659
9397
5339
1134
4897
9085
614
8577
7991
1112
2888
7172
5789
8013
4566
71
3716
3028
9940
4376
4440
5493
3195
9445
7265
9166
7097
4124
4454
4275
2213
4526
223
2352
4621
5714
5893
9258
7774
5589
1896
3764
6367
7935
1420
4174
875
6786
4225
4967
713
8908
9454
6899
6617
7515
9114
6055
6701
3552
294
8369
9906
508
8266
5173
6730
727
8875
1954
3048
8591
9877
6836
8439
7501
4523
114
134
5604
680
9927
7492
8307
5057
9678
1044
8922
4937
4198
6317
6361
4336
4581
6625
8755
1321
2361
6248
865
5463
9786
5368
4515
6115
8043
3475
6402
8284
927
3581
4785
7852
2024
9177
6402
1891
8682
7519
8789
9171
9454
9548
3354
8519
8979
7462
6120
192
319
6297
5510
3309
5796
7363
5686
7590
893
3241
4050
4469
8199
2756
334
9314
237
8908
973
5418
1467
3919
576
9019
804
9613
8953
5086
7087
2115
9438
2658
924
7795
7096
9121
9333
5212
5307
913
9471
7099
3072
457
1568
5198
9886
3085
5066
368
4808
9497
5301
1559
2959
7174
2363
7958
3928
9372
6125
8814
7849
68
5091
7384
7356
2919
5873
3064
1190
8905
6917
895
6977
5740
3324
8335
9734
8211
3524
5579
822
356
4444
235
583
4248
8
8793
4396
3634
5681
6395
5261
2809
8985
477
5142
4404
3692
2202
747
2641
7410
9975
5801
5106
4385
9868
1016
5589
1199
2224
8045
7231
5317
8672
1323
4756
655
7067
4985
1333
4431
2029
319
1206
1170
6630
1306
1499
4618
5590
8815
2303
4555
3720
5900
5744
3441
3640
682
8794
4414
2594
2607
4206
50
4217
4720
239
4259
8592
8131
5290
7180
760
8402
4351
6993
23
2331
6416
6096
5409
3909
7956
6099
3270
2446
1033
9234
2952
1743
4676
5942
5591
1361
2374
8872
778
1512
7693
4824
9948
2269
739
6874
689
1946
5175
7434
9572
1967
247
2736
5966
4609
6567
8575
8997
530
4608
8711
1119
1948
6536
9738
337
2390
4137
1820
1416
3273
7841
611
7971
6029
5926
5310
6315
7388
5476
3426
3201
3496
1556
8367
1362
2616
5162
3810
5641
8845
7595
196
4065
6211
8153
3951
3925
852
541
96
8231
7862
6016
9576
1593
3205
1238
6924
5643
1371
8807
6525
9041
6235
2427
9330
4064
7693
5762
769
3542
5875
1389
4204
2867
5706
3900
120
1463
7117
7093
537
6089
4036
1934
7658
1506
89
4119
8440
6516
8987
2519
3166
3498
9147
7697
2859
9997
6580
114
5615
8607
3944
7386
8325
4680
7061
1605
4298
6731
1190
3557
5948
7173
5398
7614
7021
4881
1695
5101
9031
234
7632
7654
3385
3534
8686
6233
8480
9132
3793
4303
3585
6362
7535
375
2578
917
2678
1496
8008
6085
8611
1298
5835
4892
7280
2309
4182
8860
6809
7037
1739
3458
2895
9753
547
5827
4566
4327
4483
7057
9097
9517
4362
6617
4189
5222
3303
7453
3187
5064
2071
137
615
4590
9500
5924
134
1927
7273
5445
1004
3561
6233
3871
6539
3059
3648
9195
4360
2207
250
1233
8751
6464
4799
466
6838
61
9416
8436
5343
7433
5675
1515
3208
1375
3985
2433
5980
999
8729
8818
5644
7111
7542
1302
5448
89
8739
9435
5207
1717
3527
927
599
3115
676
2359
5070
1695
713
239
4895
465
7367
4863
9544
7847
7904
9701
1239
6314
7931
5813
1325
8058
9636
1786
7259
2847
9409
951
3273
7933
9088
7247
7526
563
9323
3693
7017
7632
5022
6433
2197
3010
7775
6568
7580
5324
379
9495
6266
8627
5618
3411
962
7862
3113
8847
8839
5752
1789
9971
2208
1132
455
502
6638
4219
7643
7704
2746
3044
3754
8191
5367
2849
7768
9564
8327
945
7496
4232
4106
9688
6499
3040
8129
4287
6087
6778
3216
6569
7676
3619
5841
9044
7602
9543
1285
3000
3814
9644
2054
3407
9827
3132
6441
3889
230
5837
6543
1467
9274
1358
3114
7211
9041
1888
9628
4282
4
7614
6650
9046
6769
9627
6912
2171
3252
199
1503
206
753
6381
6465
1126
1405
412
2109
4231
7276
9680
6742
3724
4404
1357
3390
8944
8993
2791
3319
1625
6770
2688
9562
2610
7025
5679
4753
3028
5840
4745
5534
6976
5839
335
6447
5259
5178
1556
9353
1255
9198
4873
9761
6297
5260
9607
7082
7388
3606
9369
8424
5890
9991
1651
2195
258
8591
82
1719
3859
3100
9650
728
4739
756
262
5667
7812
4655
4823
3888
9332
3441
9900
868
2439
5253
6355
5202
4419
6885
7033
1
7112
4822
7836
7785
3370
3280
6794
3975
8412
2299
1525
2673
5643
8421
4358
5875
6772
1504
730
8919
2931
3545
2637
7730
6905
3890
3218
4667
9401
9314
5469
1576
2591
5442
141
2225
2957
1144
8121
4677
4756
9088
4182
1947
4683
7318
3042
8817
2191
7441
2992
7648
6679
2585
240
7105
3107
6761
2538
1032
6257
7536
1703
862
8587
6689
2205
5822
1488
2586
4357
8805
4045
9617
2010
60
5352
1978
5008
6081
8889
8230
8734
5969
950
2934
3097
9491
7001
509
2191
1326
3088
2163
3709
1882
9552
6950
2685
1556
1959
9466
6752
395
4925
6529
8100
1111
5094
1814
7410
7737
7735
115
1415
3629
7106
2403
3980
6285
4815
4626
3236
4463
8985
2016
817
4767
9555
628
4
1783
3205
2557
7295
2234
103
7412
9640
9936
7928
3389
3917
779
6251
9181
5727
985
9087
5765
8557
9362
4810
9052
2221
6353
9745
7307
1144
5472
295
113
6435
7788
2207
8119
886
6327
4223
3486
8875
6924
5123
9156
9605
3677
2267
5846
5339
1400
9379
9007
2863
7752
3005
6831
2671
2456
7948
5607
7719
610
9551
7184
2192
486
57
7995
8089
3046
4601
5203
5105
1070
7499
5167
7358
9649
7962
659
4238
8414
8480
3558
3079
6609
3627
3519
8397
6918
302
5944
6896
4761
7985
8645
494
6809
8566
8830
1100
3755
9738
1863
3069
1594
6723
9712
8412
8059
4124
3209
108
4911
522
7710
2266
8002
5546
5168
2475
7409
9226
5555
4664
5736
2720
2212
3698
761
4059
5747
9347
2249
2580
1662
8723
3204
5536
5534
7107
8065
1157
3274
4954
1648
8870
9897
346
9407
7885
3190
3454
1932
8996
8540
3474
7733
5761
9328
1231
4747
9227
3390
1138
3189
6845
9404
3287
8977
8726
6603
2487
4021
4889
8875
459
1300
6920
1886
1868
6588
2441
8613
9929
8507
6130
694
484
674
9062
9183
6826
9218
5692
8597
3052
1235
9976
3829
6446
8772
2216
7531
460
8684
1837
4545
7892
2815
6996
1103
8900
4444
1888
513
4241
1555
4326
7190
3617
7316
789
3300
3910
2594
1919
6777
5383
8935
5641
7069
4172
1617
3723
1203
6581
746
9268
3918
1800
4117
8221
1936
8998
5636
8184
2078
8057
9255
8245
7375
5516
3023
2944
7683
2055
8560
91
3713
6261
7205
9092
72
4884
3629
4226
6327
4680
1235
2017
4312
956
5931
7768
1590
9126
8248
8643
8960
854
4779
2658
8774
1547
598
9117
8240
7122
3631
9138
1870
9948
6320
8413
7450
4698
4363
5731
5914
7047
4122
9514
7377
5923
308
8504
2325
3832
3932
5991
8907
4747
7812
6914
910
6624
4015
9007
1999
1514
4931
8617
247
7582
6797
9704
6535
3714
8831
2415
5680
7896
4980
1442
6463
8337
7573
1778
5424
5728
1316
423
3683
4924
7924
4649
3740
1633
7324
9674
6068
7187
9873
3347
6158
8320
1728
6138
3972
577
1469
7133
2431
5421
5605
5374
4389
3163
8912
1066
3308
97
9203
1175
4157
1966
6482
1642
3332
1248
4226
611
4276
658
763
518
1367
9286
5229
134
1923
8891
2250
2367
8840
907
337
5744
758
7252
91
68
9852
177
3966
6588
4843
7876
4991
7978
1081
5122
5524
7420
609
2523
5783
5923
167
6980
8007
7648
9241
4739
5561
5466
1745
8326
8348
3982
632
7233
2569
7763
1557
1970
4025
1656
8914
1298
4688
109
5711
475
3720
6619
6688
9920
4889
9025
33
1022
8915
6396
9419
3229
8526
1170
478
1666
5865
4442
4494
6405
8575
5340
2330
2313
4055
7857
1847
2797
5274
4646
6107
623
5360
9987
7925
3512
2083
8770
1402
4759
6325
6190
2555
8846
2094
8410
6946
8419
7885
3386
9579
4612
1695
8322
6416
1195
8046
9514
9052
8505
289
6394
5041
1394
4177
7208
5476
9156
9915
7547
3798
3749
7377
2394
2350
4137
2508
1574
2114
1613
5356
929
6149
9011
7775
8554
8586
2730
7488
4199
3094
5464
3655
9181
7380
1719
8463
2654
4994
5994
340
1311
952
8395
9755
1365
6297
8306
5548
2524
3282
7059
9146
5220
2415
5797
6867
2456
1533
6747
3954
5212
9482
2769
8962
4578
4728
4692
8157
9641
2241
5582
3219
6771
7813
6220
8630
5490
8878
6974
4674
5182
3172
9275
298
9589
9821
383
9005
9135
8764
4434
5864
7149
1098
4389
4629
1406
8066
1979
6305
1406
9974
1074
363
9467
5600
3710
6951
1972
3507
3728
3011
5473
895
1544
2609
6394
8866
1924
1171
997
7404
5539
581
846
3916
378
1812
6085
6006
9650
6573
1439
3446
8285
736
8906
8749
1555
1026
274
3946
7309
2754
6536
933
4781
547
3013
6100
6424
8888
1627
3664
8817
5167
468
7698
2724
8068
4586
3751
7227
8662
1490
2707
5968
9446
8117
850
3936
3915
3421
3401
584
7603
1992
4010
5951
6788
6300
3542
544
2657
1592
7533
3906
7048
2674
1762
261
1176
9698
1194
3691
2607
682
6242
1633
8833
8496
3280
2025
1414
3258
1330
5158
730
2725
8819
1634
6856
9186
5628
5743
6320
2318
1767
6440
5237
9820
7358
1076
9540
7313
5618
8599
1918
5947
7752
1044
8758
15
2974
7186
2198
9693
8875
3306
4828
6179
2788
8443
5266
331
7642
2314
3915
5313
7393
137
4985
5238
652
5842
44
5194
2340
2721
6421
1817
8855
8779
2632
2133
4637
975
4208
7531
3766
8
4172
2005
7360
3996
5127
8635
3556
3620
4806
1239
9999
2119
3930
6068
3263
7589
8837
1714
1027
3934
297
8697
2117
4253
5356
3718
1156
8484
6136
6231
4793
1365
527
4687
8795
2986
4651
6199
9822
4001
5411
8770
8758
8728
9914
9242
5162
7937
1458
9772
2660
7090
9950
3325
9173
2427
4292
1912
2100
373
2321
9269
3991
2292
119
5223
2410
1096
770
738
6812
1350
296
8854
8122
8350
2062
9485
9731
1640
9415
7981
1226
1840
6935
9483
122
1883
390
8925
5012
5413
2881
4537
3667
4249
1754
3551
577
7532
2495
1039
7970
3350
1480
7001
5902
9198
6234
4928
221
3841
7993
5273
4298
6462
8026
6294
6954
161
8566
6153
8438
8202
8058
8807
2227
8473
6939
2619
3347
937
9368
9044
5797
5686
9944
3533
9431
7756
3857
3110
1083
2093
4154
5348
2808
2079
6809
6898
2951
3872
8358
7986
7614
6438
8753
8772
4826
9368
7503
7793
6357
8514
4367
3204
3655
7561
3594
4710
9048
3116
3129
3525
8947
6514
8385
7377
1591
3958
4057
131
3303
5148
9260
90
9329
543
4922
3442
2700
2456
3337
6131
5002
4765
968
5764
9821
4595
5412
1818
3318
3746
1956
5137
6696
7412
6623
1141
8187
7801
6110
9741
2637
26
5371
2117
4835
6615
9208
2183
6509
2495
3165
2773
4135
3548
4537
9430
4779
9977
73
9227
9684
2033
7735
3276
4238
1974
5194
1939
9705
1082
9323
2149
1052
589
264
4760
9111
787
3041
4918
1056
6145
9087
9901
383
8820
6228
6208
629
2991
5214
8669
8743
8431
3334
3147
8985
8444
8661
880
7941
8702
6053
7277
1546
6217
1989
7575
6545
1383
663
9987
2267
6561
1315
4685
8103
4106
5695
5620
3744
5799
3878
3429
3954
798
5572
5539
1133
2059
7844
6832
7026
7209
6832
1451
9706
9539
3832
8582
5542
2599
7391
6754
6353
6323
9518
8873
7138
2528
3467
504
2366
7607
9845
2263
4026
516
4246
1031
2174
2118
763
1863
3108
6031
5840
6066
3728
5135
612
7208
5082
3159
5932
9511
8534
4860
3412
1015
8677
7339
1455
6783
4628
8835
5903
2423
7090
2851
6480
5339
6576
9057
2927
8344
8321
1876
4329
8454
8592
2943
7086
2658
1968
6491
4100
8967
1246
9743
1719
2073
8451
3007
8398
7165
8807
8206
9593
8760
2143
9632
1622
5987
9271
7937
9603
4136
6650
4732
2878
9339
9742
6185
2841
2104
7325
2359
7881
7605
9197
9777
7805
5571
9793
5983
7083
583
2233
7148
1894
8287
2277
3472
3228
7411
4551
1241
8252
1194
4357
5147
9844
2486
4446
5873
6585
7821
2964
830
3200
2757
263
5477
6249
5722
1331
5905
3003
5679
9616
6978
1498
3520
3287
8757
7125
911
2660
5262
8476
6851
2982
4868
3919
6473
1716
6186
8690
4150
8634
406
9389
5306
7696
2415
2447
1714
9948
2008
8290
859
142
2579
1209
1278
5961
548
8326
3164
370
259
3081
2167
2432
781
8419
2186
7332
2792
8537
2582
9266
9425
4995
2459
3709
4532
5172
4703
3920
2679
8036
6494
2105
1572
8984
9454
7392
3073
4019
7693
8437
1629
2054
1065
7608
6537
2516
668
7298
4736
8481
9378
3105
6228
6120
7081
1664
3143
6490
7316
3076
9284
2836
5708
7123
8216
5562
2755
3136
591
1760
8550
337
2959
6712
3838
9570
6667
3125
7635
994
2917
1550
3886
5242
4356
5454
3817
4110
4029
6536
5734
2780
9601
2775
7193
7554
2675
8756
7362
4876
7860
3873
9659
3290
2797
5010
618
3072
280
2923
7411
3704
380
8468
5998
2034
2851
74
16
4011
8457
223
7113
9531
8115
3041
4713
2424
7850
5016
4559
5289
4851
2329
1904
4213
604
9720
1792
8521
8868
8074
2577
6008
8
3128
9589
2812
6198
2639
9649
9115
4991
3285
528
3910
7806
8406
656
1147
1568
4140
8814
1930
1887
7133
3049
7012
7359
478
8517
9471
5715
3030
1279
5382
9565
3613
8744
3293
9361
7827
5824
7635
644
6733
6784
1616
6086
4617
7907
9406
4457
2195
1058
5747
3629
9905
3643
3996
762
7881
9229
1846
2937
6802
9315
1014
5904
727
6442
3577
7864
280
8993
6245
8348
9563
3628
910
2239
4192
4949
1876
4122
7458
4656
5786
8066
1657
6696
3090
7794
7676
6123
2227
122
8195
3519
2588
6516
3147
2256
675
6622
499
1864
9270
2825
2723
2537
1795
765
7357
2938
9955
2295
7403
5755
9456
6928
5896
3222
1864
3755
2539
596
3386
9786
5213
873
2285
2141
7244
8990
911
8409
7784
953
3019
1841
506
2795
5124
3524
6325
4118
8894
1939
8708
7960
3596
428
5923
6264
211
1367
5834
4876
9838
1597
7892
6085
9931
2128
1646
1848
6034
6476
1930
5785
9542
3144
2947
662
5460
6024
9435
7741
4537
8146
65
6107
5552
5050
4622
9714
5240
9069
4590
1670
7811
7063
5436
5013
3131
2609
3893
2081
1088
7754
3871
2027
6237
5969
1315
7725
7384
620
3093
4499
2295
1816
5300
5175
8704
3902
2221
8457
6569
3006
1882
4599
766
2171
2184
8334
5009
2963
3590
1405
9516
9273
4121
7554
6882
6224
7308
5284
1907
3862
6277
2237
6542
8890
9315
8305
6257
8364
7363
9647
4796
928
4786
9475
2979
8607
6941
6453
4354
2394
9412
5234
6379
4203
7469
1764
3930
3658
2516
7793
7274
5336
1088
45
1297
9660
5265
8189
9462
3112
3446
7082
2243
8967
2555
1645
4901
7381
4783
9245
4192
1962
851
5986
2576
2197
4527
4981
3994
2
8063
3398
6225
663
330
1881
516
6337
7267
9326
7636
4325
1912
7644
1348
6533
5896
8778
4953
3058
3170
8938
2769
2265
2872
2386
7056
3691
6818
167
2821
5324
5327
9768
7643
7752
1255
3156
4139
8941
8811
4602
6383
6681
7166
9083
1681
3297
3773
6190
8498
9322
9593
4992
4839
5624
1782
5189
8270
7681
2379
2975
9822
893
8746
9850
9260
4493
3514
9426
9274
7556
4127
8130
3018
4470
5740
6090
144
1564
5774
7484
2181
7025
3529
4819
8888
285
8353
8080
2671
9947
7599
1394
2091
4840
3331
4673
6505
5259
3272
2776
2549
9259
6067
669
1961
4210
8837
1485
7907
7916
8352
5033
8405
8987
8166
6631
8438
5595
9581
279
8806
4493
6863
5491
670
8802
6846
5137
518
1414
3413
4760
3008
4246
6937
4941
9217
5967
7374
8409
5120
9429
406
3064
8695
1868
7252
6241
5511
9879
4991
6333
8584
4747
1154
5814
9965
4654
6016
4621
7974
3457
4373
9752
9007
4744
3159
7046
470
9698
6747
3840
4122
7257
2612
5183
5310
4792
3607
7748
1005
1316
5098
2087
9416
6088
794
2015
6699
2225
3612
2218
9005
8130
251
5787
6470
8533
6512
7918
5435
7727
448
8792
7717
6703
6095
1663
9167
451
1810
3715
2638
6918
9010
8649
2715
6250
8093
4594
8364
8990
2278
4204
3281
7020
3660
5812
2089
786
7321
9911
9605
6698
7057
2404
1492
8280
378
2127
7774
4848
3498
3828
9805
1682
5132
3606
5972
819
5085
5924
275
6969
307
1542
3363
5666
4908
3738
6124
6866
3412
7909
6711
1079
1489
7304
4717
7850
9737
817
4878
6693
2243
8315
6941
3259
7355
3763
8488
6489
7390
8983
358
4439
2133
6445
5290
1466
47
5342
964
8857
4663
3933
342
8970
7861
9816
6227
5177
4240
2538
131
5556
4689
3626
5572
6678
7059
7011
9739
3054
4246
913
5240
8491
3618
3333
2775
3830
425
2229
5635
348
4949
9651
4645
4871
257
488
9834
5192
132
1325
9650
499
9511
182
3093
4710
600
3836
3280
4231
1815
2261
2189
9578
8398
4129
1345
3148
2045
7940
3502
3182
8995
3467
5817
8401
521
7581
134
7563
9496
8832
1999
1108
7099
1300
2003
8160
2607
6192
6812
616
7270
2119
6137
6087
9963
790
7033
7534
1840
3453
1193
2340
1092
7400
7269
7150
304
1945
6075
1799
80
5444
2237
4540
8943
2551
1412
38
6651
3315
9666
5237
8855
1659
3360
7254
2927
1224
3254
1905
230
9318
2601
5617
1420
991
8414
3840
1084
8386
3981
6063
3585
6528
2464
1199
8568
9475
6155
4255
4304
7483
1046
9490
6718
4373
9302
9756
13
1498
1162
1321
467
6354
2352
1434
591
5252
3351
1149
2079
1115
96
8823
4925
9638
2190
2897
5001
9372
76
1709
3586
6009
157
4243
670
2138
479
8860
7418
625
8313
170
5211
9334
8819
9554
6386
9994
8709
7191
5197
5816
5416
3268
2795
1451
9656
5062
5896
2390
1515
1028
7430
2132
1675
3211
1420
4205
4863
2570
6712
2449
1768
1159
6369
1940
9303
4525
6008
9190
4092
4195
2476
5678
5449
6441
4716
4594
420
5073
5079
4805
5532
7528
3423
6718
7571
5152
7788
9313
7418
3851
5117
109
8410
3798
9210
3761
1230
9328
4053
8075
735
7717
5006
4975
2263
2907
2582
8912
5814
7352
571
7134
8467
1406
3698
2508
5354
6565
4690
9916
4116
3955
1501
4090
788
9850
6346
450
3646
6206
6125
47
5602
3761
8953
4865
7814
2189
2684
6153
8785
5518
1624
7140
1940
505
5841
9186
5235
2141
6290
4930
3681
4901
5210
3660
986
8406
4916
6858
6473
6891
9925
8003
4506
9019
8591
4838
2266
9924
9746
976
8682
7654
3521
379
4595
5966
9618
3683
4659
9501
5199
2709
1589
9285
9690
6358
7311
6048
4590
1325
197
9068
4688
7374
7019
9959
2660
7332
7367
5491
2876
4442
4229
406
4107
4695
2468
560
6472
2260
7293
4378
3326
9850
8148
7480
6352
2893
7256
266
1594
2255
3188
6693
9987
754
1352
4216
2334
4350
2801
5118
3631
9227
7460
3600
8074
5084
619
36
9304
6872
9254
1846
2419
3990
6947
401
2161
3604
3144
7033
1549
3956
6876
7624
3696
2468
6565
708
735
6296
9485
8762
1406
8390
190
8985
8386
7918
7036
7965
2452
6964
8978
2598
722
1356
2916
2244
8415
2096
5939
3521
6699
8289
6544
8636
2157
2983
7320
3933
9484
2951
3261
9754
3773
3856
4261
1381
9239
2
8875
2655
1826
140
7972
2558
3918
1968
1580
5270
9728
7861
4575
1319
2759
4888
4691
1378
3965
3121
4194
9705
5849
1933
8934
2818
4961
7629
8925
1240
1436
3466
2604
8639
6182
8132
5088
2946
9485
6070
9807
9146
7720
2295
8717
9260
3815
5183
1787
9376
5957
4595
2090
5066
5162
2144
8476
4727
221
960
939
566
2135
908
7428
5504
6786
6367
9099
5445
8033
8082
2338
3973
8553
6537
8004
2295
477
9577
6747
6922
5655
1172
1361
7877
4786
4691
6868
2509
2933
2478
1091
1059
650
5419
5445
5895
2700
8705
7497
9837
7118
4616
8743
8938
8841
8112
4837
7259
5150
8554
5062
754
2137
8038
686
2351
2278
7850
5632
4295
4766
4395
7784
4675
6745
43
1316
2743
8087
9424
2525
4717
6634
829
3588
4653
2683
1151
3527
1852
9741
9526
1810
8239
5247
5438
7250
8714
762
6809
1430
5833
1402
5786
7182
5721
5930
9297
5141
4724
4328
5902
9099
6216
311
5428
8779
51
8020
1899
284
1469
4000
7601
4322
4674
523
7695
5028
7195
1074
2852
2216
9767
383
1248
3115
8763
879
8351
2957
6355
386
3024
1720
9811
6923
7664
2769
8623
7638
5912
6856
5716
1833
8576
8794
5217
7891
2030
3078
6949
4770
6511
4812
2214
8977
2977
8944
891
6221
6987
446
9959
3513
9225
4088
5539
3128
2983
8299
2742
6791
4186
5968
8995
3661
7606
4670
7008
2410
63
6524
7422
1325
4623
1108
1418
4290
1872
7443
4399
9448
4855
9805
6869
2801
9662
3246
6426
7778
9709
9691
6379
3834
7332
3911
4432
6752
2806
2146
4833
7973
4517
4731
4777
4184
1351
5558
8037
2472
4770
8040
8281
8836
3401
6047
7792
9294
3859
9135
8317
8815
740
4231
8739
7220
5978
5074
3757
773
886
5562
1595
9286
8613
4982
7929
6535
2299
4004
1294
8262
8939
306
3790
197
4372
6582
3228
2725
3995
6910
1280
673
6417
1202
8049
5640
5570
5381
3231
258
2298
8154
4191
6931
7011
4306
7892
526
8815
2036
5798
9169
8110
2934
2466
3342
8765
5656
9406
8329
9563
8192
6871
5229
6729
7711
3561
1818
8334
4019
1882
8761
8420
7158
2323
6112
6738
5731
4012
7024
4567
1976
6003
4459
1184
6247
3753
212
2358
1111
8985
6767
9015
7912
1446
551
2111
5012
9472
7566
3171
7728
3890
7231
7321
2162
5419
239
1559
8220
7990
1650
2311
4806
5113
8906
5300
2090
375
7179
9797
601
2562
5881
3186
2795
49
6707
7239
2420
8937
729
2836
673
1659
3944
6142
7458
714
102
8902
1170
8439
3112
9284
9777
2299
274
6992
4419
720
4422
6204
128
1292
29
5841
6252
7163
5860
7877
4434
1768
558
2694
9578
7368
8775
166
9402
4052
5160
3058
4216
6993
9574
4545
8141
3693
1685
